CPU_TIME: 2250.0
MEMORY_CONSUMPTION: 35.0
TIME: 2001.0
PRECISION: 1.0
RECALL: 0.3333333333333333
F_MEASURE: 0.5
ERROR_MEASURE: 0.5
ERROR_PER_RESPONSE_FILL: 0.6666666666666666
SLOT_ERROR_RATE: 0.6666666666666666
